0.27219
-0.16410
-0.31503
-0.22647
-0.07609
0.25318
-0.10032
-0.30013
-0.22510
-0.06651
0.21037
0.01210
0.11211
-0.12934
-0.31870
-0.05042
-0.51380
-0.50171
0.10698
0.32577
-0.32589
-0.13006
0.19649
0.37351
-0.00658
-0.02745
-0.00880
-0.19930
-0.16409
0.12534
-0.08272
0.20102
0.16595
-0.08386
0.08359
0.00253
0.26805
0.13893
-0.05649
-0.17924
-0.10038
-0.00977
-0.05420
0.28207
0.30995
0.16444
0.13615
-0.01335
-0.27221
-0.26681
0.02469
-0.01771
-0.05145
0.19456
0.11828
0.17297
0.29314
-0.03443
0.20647
-0.13599
0.05486
0.12909
0.20881
-0.09088
0.05239
0.09236
-0.33813
-0.12580
0.18826
0.01822
0.09880
-0.09453
-0.25287
-0.08688
0.20930
-0.00777
-0.03861
0.21440
-0.25554
0.29380
0.17479
-0.05341
0.13530
-0.41341
-0.08433
-0.01834
0.04156
-0.23268
0.24487
-0.16671
0.00501
0.04217
0.31034
-0.13440
-0.16339
-0.04015
0.17928
0.19069
-0.11075
-0.21624
0.67986
0.13227
-0.20513
-0.02998
